iterations=68
normdelta=9.7178457138018E-7
nodes=599330
graph=../bvex2
alpha=0.85
norm=9.7178457138018E-7
stronglypreferential=false
